('-', 4, ((0, 0), (1, 0)))
('-', 4, ((2, 0), (3, 0)))
('*', 210, ((4, 0), (3, 1), (4, 1)))
('+', 15, ((5, 0), (6, 0), (7, 0), (6, 1)))
('+', 6, ((0, 1), (1, 1), (2, 1)))
('*', 735, ((5, 1), (5, 2), (5, 3), (4, 2)))
('*', 80, ((7, 1), (7, 2), (6, 2)))
('+', 14, ((1, 2), (2, 2)))
('-', 7, ((3, 2), (3, 3)))
('+', 12, ((0, 2), (0, 3), (1, 3)))
('/', 3, ((6, 3), (7, 3)))
('*', 60, ((2, 3), (2, 4), (3, 4)))
('+', 3, ((4, 3), (4, 4)))
('-', 2, ((0, 4), (1, 4)))
('-', 1, ((5, 4), (6, 4)))
('*', 6, ((7, 4), (7, 5), (6, 5)))
('*', 56, ((0, 5), (0, 6), (1, 6)))
('+', 12, ((1, 5), (2, 5)))
('*', 6, ((3, 5), (3, 6)))
('/', 2, ((4, 5), (5, 5)))
('-', 4, ((2, 6), (2, 7)))
('/', 2, ((4, 6), (5, 6)))
('+', 15, ((6, 6), (7, 6), (7, 7)))
('-', 5, ((0, 7), (1, 7)))
('-', 2, ((3, 7), (4, 7)))
('-', 1, ((5, 7), (6, 7)))
