('*', 30, ((0, 0), (0, 1), (1, 0), (1, 1)))
('*', 6, ((0, 2), (0, 3)))
('*', 84, ((0, 4), (0, 5), (1, 4)))
('*', 20, ((1, 3), (1, 4)))
('*', 1008, ((0, 6), (1, 5), (1, 6), (2, 5), (2, 6)))
('*', 28, ((2, 0), (2, 1)))
('*', 48, ((2, 2), (3, 1), (3, 2), (4, 1)))
('*', 30, ((2, 3), (2, 4), (3, 3)))
('/', 2, ((3, 0), (4, 0)))
('*', 35, ((3, 4), (3, 5), (3, 6)))
('*', 56, ((4, 2), (5, 2), (5, 3)))
('*', 210, ((4, 3), (4, 4), (5, 4)))
('*', 12, ((4, 5), (5, 5)))
('/', 3, ((4, 6), (5, 6)))
('*', 210, ((5, 0), (5, 1), (6, 0), (6, 1), (6, 2)))
(' ', 3, ((6, 3),))
('*', 40, ((6, 4), (6, 5), (6, 6)))
