('/', 4, ((0, 0), (1, 0)))
('*', 240, ((0, 1), (1, 1), (2, 1)))
('+', 15, ((0, 2), (1, 2), (2, 2)))
('-', 1, ((0, 3), (0, 4)))
('*', 24, ((0, 5), (0, 6), (1, 5)))
('+', 14, ((0, 7), (0, 8)))
('-', 1, ((1, 3), (1, 4)))
('+', 20, ((1, 6), (1, 7), (1, 8)))
('*', 54, ((2, 0), (3, 0), (3, 1), (3, 2)))
('/', 2, ((2, 3), (3, 3)))
('+', 18, ((2, 4), (3, 4), (3, 5)))
('-', 1, ((2, 5), (2, 6)))
('-', 2, ((2, 7), (2, 8)))
('*', 1176, ((3, 6), (4, 4), (4, 5), (4, 6)))
('-', 4, ((3, 7), (3, 8)))
('+', 22, ((4, 0), (5, 0), (5, 1)))
('=', 2, ((4, 1),))
('/', 4, ((4, 2), (5, 2)))
('-', 4, ((4, 3), (5, 3)))
('+', 6, ((4, 7), (4, 8)))
('*', 12, ((5, 4), (5, 5)))
('/', 3, ((5, 6), (5, 7)))
('+', 11, ((5, 8), (6, 8)))
('-', 1, ((6, 0), (7, 0)))
('+', 9, ((6, 1), (6, 2)))
('+', 9, ((6, 3), (7, 3)))
('-', 7, ((6, 4), (6, 5)))
('=', 1, ((6, 6),))
('-', 1, ((6, 7), (7, 7)))
('/', 3, ((7, 1), (7, 2)))
('*', 24, ((7, 4), (7, 5)))
('*', 10, ((7, 6), (8, 6)))
('+', 12, ((7, 8), (8, 7), (8, 8)))
('-', 2, ((8, 0), (8, 1)))
('*', 56, ((8, 2), (8, 3)))
('+', 10, ((8, 4), (8, 5)))
