('+', 13, ((0, 0), (0, 1)))
('+', 11, ((0, 2), (0, 3), (0, 4)))
('+', 17, ((0, 5), (1, 5)))
('+', 6, ((0, 6), (1, 6)))
('+', 24, ((0, 7), (0, 8), (1, 8), (2, 8)))
('+', 8, ((1, 0), (2, 0), (3, 0)))
('+', 12, ((1, 1), (1, 2)))
('+', 4, ((1, 3), (1, 4), (2, 4)))
('=', 7, ((1, 7),))
('+', 28, ((2, 1), (2, 2), (2, 3), (3, 3)))
('+', 14, ((2, 5), (2, 6), (2, 7)))
('+', 22, ((3, 1), (3, 2), (4, 0), (4, 1)))
('+', 12, ((3, 4), (4, 4)))
('=', 7, ((3, 5),))
('+', 7, ((3, 6), (3, 7)))
('+', 12, ((3, 8), (4, 8)))
('+', 8, ((4, 2), (4, 3)))
('+', 29, ((4, 5), (4, 6), (5, 4), (5, 5), (6, 3), (6, 4)))
('=', 3, ((4, 7),))
('+', 12, ((5, 0), (5, 1)))
('+', 10, ((5, 2), (5, 3)))
('+', 20, ((5, 6), (5, 7), (6, 5), (6, 6)))
('+', 9, ((5, 8), (6, 7), (6, 8)))
('+', 20, ((6, 0), (6, 1), (6, 2)))
('+', 3, ((7, 0), (7, 1)))
('+', 28, ((7, 2), (8, 0), (8, 1), (8, 2), (8, 3)))
('+', 14, ((7, 3), (7, 4)))
('+', 10, ((7, 5), (7, 6)))
('+', 24, ((7, 7), (7, 8), (8, 7), (8, 8)))
('+', 11, ((8, 4), (8, 5), (8, 6)))
