('*', 96, ((0, 0), (1, 0), (1, 1)))
('-', 4, ((0, 1), (0, 2)))
('-', 3, ((0, 3), (0, 4)))
('+', 9, ((0, 5), (1, 5)))
('*', 24, ((0, 6), (0, 7), (1, 7)))
('/', 4, ((1, 2), (2, 2)))
('+', 13, ((1, 3), (1, 4), (2, 4)))
('-', 1, ((1, 6), (2, 6)))
('*', 12, ((2, 0), (3, 0)))
('-', 5, ((2, 1), (3, 1)))
('-', 5, ((2, 3), (3, 3)))
('+', 9, ((2, 5), (3, 5)))
('/', 3, ((2, 7), (3, 7)))
('/', 4, ((3, 2), (4, 2)))
('/', 3, ((3, 4), (4, 4)))
('*', 21, ((3, 6), (4, 6)))
('*', 20, ((4, 0), (4, 1)))
('-', 2, ((4, 3), (5, 3)))
('*', 8, ((4, 5), (5, 5)))
('+', 9, ((4, 7), (5, 7)))
('*', 21, ((5, 0), (6, 0)))
('+', 11, ((5, 1), (5, 2)))
('/', 3, ((5, 4), (6, 4)))
('/', 2, ((5, 6), (6, 6)))
('-', 3, ((6, 1), (6, 2)))
('+', 17, ((6, 3), (7, 3), (7, 4)))
('/', 2, ((6, 5), (7, 5)))
('*', 80, ((6, 7), (7, 6), (7, 7)))
('+', 16, ((7, 0), (7, 1), (7, 2)))
