('/', 3, ((0, 0), (1, 0)))
('*', 21, ((2, 0), (2, 1), (2, 2)))
('-', 1, ((3, 0), (4, 0)))
('=', 7, ((5, 0),))
('-', 1, ((6, 0), (6, 1)))
('-', 2, ((0, 1), (0, 2)))
('-', 1, ((1, 1), (1, 2)))
('*', 24, ((3, 1), (4, 1), (5, 1)))
('=', 1, ((3, 2),))
('-', 4, ((4, 2), (5, 2)))
('-', 5, ((0, 3), (1, 3)))
('=', 5, ((2, 3),))
('*', 14, ((3, 3), (4, 3), (4, 4)))
('+', 14, ((5, 3), (6, 3), (6, 2)))
('-', 5, ((0, 4), (1, 4)))
('/', 2, ((2, 4), (3, 4)))
('-', 1, ((5, 4), (6, 4)))
('-', 3, ((0, 5), (0, 6)))
('+', 14, ((1, 5), (2, 5), (3, 5)))
('-', 1, ((5, 5), (5, 6)))
('+', 7, ((6, 5), (6, 6)))
('+', 9, ((1, 6), (2, 6)))
('*', 30, ((3, 6), (4, 6), (4, 5)))
